-5.0000	-0.025831 0.045
-4.9000	-0.12158 0.045
-4.8000	0.016494 0.045
-4.7000	-0.045921 0.045
-4.6000	-0.076065 0.045
-4.5000	0.026562 0.045
-4.4000	0.077556 0.045
-4.3000	-0.013707 0.045
-4.2000	-0.0081880 0.045
-4.1000	-0.033270 0.045
-4.0000	0.0037452 0.045
-3.9000	-0.053284 0.045
-3.8000	-0.0054512 0.045
-3.7000	0.041066 0.045
-3.6000	0.092738 0.045
-3.5000	0.053632 0.045
-3.4000	-0.016851 0.045
-3.3000	0.092045 0.045
-3.2000	0.020996 0.045
-3.1000	-0.0066192 0.045
-3.0000	0.00019111 0.045
-2.9000	0.059939 0.045
-2.8000	-0.024875 0.045
-2.7000	0.079320 0.045
-2.6000	0.060088 0.045
-2.5000	-0.022028 0.045
-2.4000	0.13046 0.045
-2.3000	0.10731 0.045
-2.2000	0.14982 0.045
-2.1000	0.16159 0.045
-2.0000	0.22206 0.045
-1.9000	0.25158 0.045
-1.8000	0.34278 0.045
-1.7000	0.38343 0.045
-1.6000	0.54907 0.045
-1.5000	0.56681 0.045
-1.4000	0.59224 0.045
-1.3000	0.65203 0.045
-1.2000	0.73288 0.045
-1.1000	0.84548 0.045
-1.0000	0.93289 0.045
-0.9000 1.0781 0.045
-0.8000 1.1690 0.045
-0.7000 1.2763 0.045
-0.6000 1.2919 0.045
-0.5000 1.4844 0.045
-0.4000 1.5062 0.045
-0.3000 1.4883 0.045
-0.2000 1.4930 0.045
-0.1000 1.6628 0.045
0.00000	1.5755 0.045
0.10000	1.5926 0.045
0.20000	1.5764 0.045
0.30000	1.5142 0.045
0.40000	1.4382 0.045
0.50000	1.4292 0.045
0.60000	1.3341 0.045
0.70000	1.2107 0.045
0.80000	1.0660 0.045
0.90000	1.0059 0.045
1.00000	1.0504 0.045
1.10000 0.88124 0.045
1.20000 0.74265 0.045
1.30000 0.66184 0.045
1.40000 0.49821 0.045
1.50000 0.49012 0.045
1.60000 0.37133 0.045
1.70000 0.35198 0.045
1.80000 0.30024 0.045
1.90000 0.27047 0.045
2.00000 0.22774 0.045
2.10000 0.11572 0.045
2.20000 0.15640 0.045
2.30000 0.10500 0.045
2.40000 0.13697 0.045
2.50000 0.041779 0.045
2.60000 0.064045 0.045
2.70000 0.042774 0.045
2.80000 0.078063 0.045
2.90000 0.0021299 0.045
3.00000 0.022722 0.045
3.10000 0.066931 0.045
3.20000 0.0071469 0.045
3.30000 0.073340 0.045
3.40000 -0.027918 0.045
3.50000 0.042668 0.045
3.60000 0.0094186 0.045
3.70000 -0.013309 0.045
3.80000 -0.015638 0.045
3.90000 -0.0035235 0.045
4.00000 -0.040507 0.045
4.10000 -0.036003 0.045
4.20000 0.019980 0.045
4.30000 0.060738 0.045
4.40000 -0.00085499 0.045
4.50000 -0.052465 0.045
4.60000 0.053620 0.045
4.70000 -0.010154 0.045
4.80000 -0.087710 0.045
4.90000 0.077669 0.045