A	B	C	D	E	F	G	H	I	J
20.000	0.13359 0.048						
20.100	0.02231 0.048							
20.200	-0.01761 0.048							
20.300	0.12145 0.048						
20.400	0.09075 0.048							
20.500	0.13258 0.048						
20.600	0.17622 0.048						
20.700	0.15487 0.048						
20.800	0.19838 0.048						
20.900	0.22663 0.048						
21.000	0.32564 0.048						
21.100	0.33383 0.048						
21.200	0.34761 0.048						
21.300	0.57611 0.048						
21.400	0.43177 0.048						
21.500	0.63862 0.048						
21.600	0.47263 0.048						
21.700	0.81808 0.048						
21.800	0.93183 0.048						
21.900	1.0516 0.048						
22.000	1.3178 0.048						
22.100	1.3969 0.048						
22.200	1.6036 0.048						
22.300	1.8122 0.048						
22.400	2.2312 0.048						
22.500	2.2849 0.048						
22.600	2.7017 0.048						
22.700	2.8575 0.048						
22.800	2.9493 0.048						
22.900	3.2999 0.048						
23.000	3.7483 0.048						
23.100	3.9257 0.048						
23.200	4.1017 0.048						
23.300	4.1519 0.048						
23.400	4.4087 0.048						
23.500	4.5495 0.048						
23.600	4.6105 0.048						
23.700	4.9838 0.048						
23.800	5.1620 0.048						
23.900	4.9917 0.048						
24.000	4.9764 0.048						
24.100	5.2434 0.048						
24.200	4.8918 0.048						
24.300	5.1883 0.048						
24.400	4.8573 0.048						
24.500	5.1311 0.048						
24.600	4.7871 0.048						
24.700	4.6381 0.048						
24.800	4.6806 0.048						
24.900	4.3710 0.048						
25.000	4.3583 0.048						
25.100	4.3493 0.048						
25.200	4.1112 0.048						
25.300	4.1377 0.048						
25.400	3.8645 0.048						
25.500	3.9096 0.048						
25.600	3.9030 0.048						
25.700	3.8344 0.048						
25.800	3.7583 0.048						
25.900	3.5894 0.048						
26.000	3.5554 0.048						
26.100	3.4913 0.048						
26.200	3.4688 0.048						
26.300	3.6999 0.048						
26.400	3.7837 0.048						
26.500	3.7883 0.048						
26.600	3.7136 0.048						
26.700	3.7303 0.048						
26.800	3.7184 0.048						
26.900	3.6007 0.048						
27.000	3.6745 0.048						
27.100	3.5381 0.048						
27.200	3.5423 0.048						
27.300	3.3670 0.048						
27.400	3.2298 0.048						
27.500	3.1283 0.048						
27.600	2.9520 0.048						
27.700	3.0162 0.048						
27.800	2.7827 0.048						
27.900	2.4703 0.048						
28.000	2.3988 0.048						
28.100	2.1214 0.048						
28.200	2.0153 0.048						
28.300	2.0403 0.048						
28.400	1.7599 0.048						
28.500	1.5386 0.048						
28.600	1.5368 0.048						
28.700	1.2192 0.048						
28.800	1.0264 0.048						
28.900	1.0761 0.048						
29.000	0.92218 0.048						
29.100	0.69139 0.048						
29.200	0.65057 0.048						
29.300	0.52870 0.048						
29.400	0.52369 0.048						
29.500	0.31966 0.048						
29.600	0.42276 0.048						
29.700	0.39342 0.048						
29.800	0.16030 0.048						
29.900	0.14638 0.048						