-5.0000	-0.043545 0.14
-4.9000	-0.069448 0.14
-4.8000	0.27852 0.14
-4.7000	0.050277 0.14
-4.6000	0.31630 0.14
-4.5000	0.026457 0.14
-4.4000	0.019972 0.14
-4.3000	0.11946 0.14
-4.2000	-0.059453 0.14
-4.1000	-0.021593 0.14
-4.0000	0.068914 0.14
-3.9000	0.18916 0.14
-3.8000	0.13603 0.14
-3.7000	-0.24887 0.14
-3.6000	0.096871 0.14
-3.5000	0.13034 0.14
-3.4000	0.045851 0.14
-3.3000	-0.013519 0.14
-3.2000	0.086190 0.14
-3.1000	0.071601 0.14
-3.0000	0.15097 0.14
-2.9000	0.59790 0.14
-2.8000	0.44840 0.14
-2.7000	0.37236 0.14
-2.6000	0.35400 0.14
-2.5000	0.47090 0.14
-2.4000	0.69727 0.14
-2.3000	0.82452 0.14
-2.2000	0.81569 0.14
-2.1000	1.1905 0.14
-2.0000	1.0237 0.14
-1.9000	1.4063 0.14
-1.8000	1.2694 0.14
-1.7000	1.6735 0.14
-1.6000	1.6774 0.14
-1.5000	1.6708 0.14
-1.4000	1.8992 0.14
-1.3000	2.2428 0.14
-1.2000	2.1962 0.14
-1.1000	2.3875 0.14
-1.0000	2.7253 0.14
-0.90000	3.0154 0.14
-0.80000	2.9018 0.14
-0.70000	2.6278 0.14
-0.60000	3.3114 0.14
-0.50000	3.4363 0.14
-0.40000	3.2676 0.14
-0.30000	3.3962 0.14
-0.20000	3.1639 0.14
-0.10000	3.3255 0.14
0.0000	3.2160 0.14
0.10000	2.9330 0.14
0.20000	3.2432 0.14
0.30000	3.0019 0.14
0.40000	2.6602 0.14
0.50000	2.7023 0.14
0.60000	2.5534 0.14
0.70000	2.4550 0.14
0.80000	2.1882 0.14
0.90000	2.0701 0.14
1.0000	1.7964 0.14
1.1000	1.7324 0.14
1.2000	1.8165 0.14
1.3000	1.3330 0.14
1.4000	1.2837 0.14
1.5000	1.1434 0.14
1.6000	1.2195 0.14
1.7000	0.98114 0.14
1.8000	0.94158 0.14
1.9000	0.86419 0.14
2.0000	0.79253 0.14
2.1000	0.52609 0.14
2.2000	0.56038 0.14
2.3000	0.34036 0.14
2.4000	0.18723 0.14
2.5000	0.20092 0.14
2.6000	0.28949 0.14
2.7000	0.25623 0.14
2.8000	0.23665 0.14
2.9000	0.41972 0.14
3.0000	0.011492 0.14
3.1000	-0.070920 0.14
3.2000	-0.15091 0.14
3.3000	0.25199 0.14
3.4000	0.12749 0.14
3.5000	0.16105 0.14
3.6000	0.082538 0.14
3.7000	0.00057354 0.14
3.8000	-0.23022 0.14
3.9000	-0.23211 0.14
4.0000	-0.35406 0.14
4.1000	0.081988 0.14
4.2000	-0.057235 0.14
4.3000	-0.037985 0.14
4.4000	0.13099 0.14
4.5000	-0.11149 0.14
4.6000	-0.028100 0.14
4.7000	0.094847 0.14
4.8000	-0.020607 0.14
4.9000	-0.063268							